31974
15112
27306
31727
15934
22188
30804
14624
28922
27554
7665
15381
27839
10902
9987
9485
17577
11614
28264
25255
19097
12357
27540
4335
30579
16588
30539
29488
11740
17311
37
13719
2785
14344
4109
9621
2559
19962
9308
4217
8857
8490
7097
21670
13430
7283
20292
24900
20316
23245
15887
11666
7106
3068
18120
21507
22147
5658
11572
18090
11995
20070
9330
13499
27370
386
4356
6459
3628
24558
11332
21516
22999
8730
19768
5835
30489
17418
17000
5546
19906
32321
7693
29846
2686
703
21272
24688
6808
192
24914
13583
28996
24749
11586
15616
13358
5363
4575
9658
22514
26810
24054
31763
8150
17674
32100
10525
11645
16075
11376
7314
26289
22133
31963
7079
12228
28570
25974
9353
31398
20751
18180
11251
32278
11398
25580
14948
3565
10841
20554
16256
16624
22783
11263
8193
26412
594
8197
30380
5257
2089
29767
18226
1842
8523
5929
14908
8903
17006
24058
529
337
6313
7358
5449
11106
27756
8570
20994
17779
22127
20052
24463
3211
21723
31590
23338
16928
28702
15531
9743
23082
10824
27385
3581
30714
31757
665
6375
8403
3364
11002
22616
20227
13709
3149
18591
2559
24568
11520
12771
25186
18176
7347
10844
28169
24075
23336
25978
