11330
31668
8954
18175
1296
17414
20259
21405
12720
29005
1931
12200
11288
24500
5394
23029
32356
11938
10047
23057
32442
23160
7229
1947
251
26164
20402
15967
27221
32085
9315
15279
9957
1171
32146
8606
1601
4199
420
20967
29803
30237
5831
21097
26789
3116
23489
6400
24949
25909
5624
1468
3960
10173
19058
20793
29343
462
23150
17352
4728
8638
17722
30548
28235
22255
31864
30461
2804
7820
27975
6539
5532
6623
18272
26110
17781
12945
21181
32503
8312
25137
18922
14097
31669
13883
21181
16585
18415
2001
27748
7715
15566
26571
29212
26191
23364
20026
15659
31698
14962
1675
6202
30921
9959
5179
27090
23914
10124
11252
26118
6862
15440
12566
4193
21854
29847
15532
29771
21050
14353
10440
20116
10313
24525
2421
8573
1192
24507
7058
12507
29214
26695
6264
30560
14853
15012
26012
29934
14732
4057
14653
14645
11911
14793
14376
22712
11953
17074
2042
16487
9070
18068
12220
25694
1667
9739
17602
24540
783
22604
8729
19874
5919
14943
3110
21130
3808
2608
5124
3725
30179
19744
28419
2326
4479
6628
10620
8265
27188
9459
21298
9455
10582
26020
15799
11856
26692
12341
17710
2941
27944
17362
21887
3553
16267
15126
32200
21370
391
31981
27704
18952
9364
30078
23110
24664
26887
5046
6464
23875
27279
31421
15520
28655
29310
5687
4618
26422
4567
1689
11865
30303
23364
8015
19943
26528
12494
11048
29940
28044
1602
15658
5337
10341
931
9779
18344
29612
10049
20583
7616
24331
3460
3427
13482
11157
1218
25354
24763
28814
25770
14837
98
17487
13149
28600
3007
13702
27311
21203
14316
17905
12376
30546
3841
5420
16844
32113
31471
23835
31222
31146
16291
13139
20464
16044
494
5858
18965
18033
24540
28414
18498
2652
877
20046
18121
13545
26878
12431
7364
10001
21635
29933
398
18114
13311
9295
24443
11354
17516
1265
28608
5707
24860
29402
27840
26193
8461
10423
28941
15154
31624
32373
5209
10801
23109
14703
20387
24567
30207
1669
10947
30939
32709
2289
27835
19106
10692
14203
10776
6212
2874
24008
12526
5900
25095
13474
1011
22148
14695
27816
13586
11912
16333
6701
28145
23779
28902
8312
8168
286
26890
26055
10744
10124
27893
29694
27293
1427
28208
20967
12828
18519
31905
8497
27444
30216
19479
12510
5402
14485
10935
22413
32645
1179
30822
30008
5587
9516
19500
12528
13212
29090
18741
15973
16292
31124
7069
21230
8422
18494
2987
19077
6186
9707
4763
8353
26453
