28610
23240
20795
26526
27796
5401
17546
26722
31386
1603
16554
27489
15068
7793
27144
2866
14921
2542
14932
25599
1972
26690
32539
28160
28887
22587
23552
8978
1120
12223
18251
25643
8576
8032
19800
19108
13411
29669
24449
31913
20108
2465
17313
25589
16404
29340
22444
30735
14132
20033
12444
30862
17970
27379
6969
18483
26892
20004
11990
32214
9593
1028
8179
27454
27797
31153
19855
24203
5913
5955
13187
3686
4583
2446
3930
18867
19211
1422
7349
752
27639
5767
23845
7148
15427
18490
22390
6018
21219
19410
27271
21657
30822
20937
7473
19205
762
26095
26401
31931
9912
8758
30901
6765
2209
1055
29462
11330
28946
9285
22651
1141
15518
11172
18847
9149
13466
9361
15031
32423
9617
1197
18520
20780
13455
32092
3081
3471
16137
1481
9828
7591
13167
18872
13839
3906
4373
28100
19269
6910
21940
17875
7690
212
19185
27032
584
17050
24825
1979
9788
9075
19552
456
2077
21569
19523
32166
3872
12692
17800
4745
21276
2871
3898
9668
5579
21882
2053
318
6043
21395
19156
13515
27343
5440
26822
25595
477
6468
10344
10550
6304
26863
30474
13618
28863
7900
18344
304
27463
10326
1490
14519
6064
4298
15154
24830
871
2910
