343
4709
4674
1859
3233
4341
4848
4169
2171
943
183
129
3387
4762
4213
4322
2410
2281
284
519
1572
848
1932
1629
868
952
3065
1709
1140
4813
1927
3963
2358
2543
1101
1827
4572
553
1195
223
4716
2620
1817
2496
3574
2961
1418
3896
1852
1723
3584
2095
1551
1463
4814
2357
4902
388
3331
2943
2410
2996
3845
1658
1967
3585
4894
2177
2379
1759
1677
493
4562
1034
4580
3656
4270
3004
258
2008
3672
3578
64
1917
3614
4525
426
1066
1607
2648
2897
616
4431
1545
3899
4716
3269
3590
432
1092
615
1120
308
805
3124
351
2709
4285
2013
4635
4831
3095
1509
1914
4090
4476
3245
645
1422
2201
2670
1447
2990
183
4207
2181
468
716
1102
1304
1706
4098
3353
1947
1700
1268
4352
4714
1083
2250
984
747
2326
2695
4586
3881
2722
1877
203
867
594
3864
913
3037
4220
1176
4734
333
1695
1863
356
3011
744
683
1765
824
1042
2393
1967
1592
3254
3838
2332
2210
2089
1202
455
4186
4671
1653
1256
2319
1411
4558
2374
4937
467
1556
3054
425
3247
1158
128
1660
4763
3492
2560
4997
1930
1121
