25097
27761
29022
14648
6211
8065
12243
7126
23948
25345
28937
20909
13302
5833
14313
3865
14605
879
7095
6144
25413
31708
10063
22862
11150
7064
27332
7612
9028
27947
20177
4164
23924
10302
11508
25972
1239
676
264
12000
30282
26444
23531
18920
28813
29357
8289
27240
30781
4112
24658
30882
24851
27402
1946
5989
31897
14218
22640
11319
15024
23436
28438
4977
22869
30744
21939
21417
2159
30144
24363
31427
3353
25931
12333
25316
9130
19839
8309
919
3507
13733
22915
8233
14332
437
5397
4417
8683
24909
11445
29530
7098
25031
2890
19282
9195
15979
2444
28383
3252
14277
30816
8741
8370
23527
23792
2162
31645
1484
22673
27343
29913
21068
25795
27752
1221
29651
17437
924
31381
31778
9039
20579
21793
3821
4217
6425
6807
19474
1610
29546
11181
23794
29888
6230
10455
21927
6712
14652
17700
26875
11709
26603
30889
24504
12134
21332
7563
30649
23296
21454
6658
11182
9531
14940
24928
1219
23041
5191
31899
4635
32593
19017
20705
26045
10235
7703
16533
26176
26608
32726
31331
7763
8535
8508
30307
12329
729
27364
16340
2160
20593
5406
16096
13125
8755
42
5741
13208
23080
8110
13342
10110
21750
1437
20024
15539
18839
14857
